# Extracted from Standard atomic weights of the elements 2021 (IUPAC Technical Report) published in Pure and Applied Chemistry 94, 5, 2022.
# Abridged standard atomic weight used for elements with two standard atomic weights
# **Note:For the follwing elements, there is no stable isotope and atomic masses of half-lives from table 2 extracted:
# Tc, Pm, Po, At, Rn, Fr, Ra, Ac, Np, Pu, Am, Cm, Bk, Cf, Es, Fm, Md, No, Lr, Rf, Db, Sg, Bh, Hs, Mt, Ds, Rg, Cn, Nh, Fl, Mc, Lv, Ts, Og
H: 1.0080
He: 4.002602
Li: 6.94
Be: 9.0121831
B: 10.81
C: 12.011
N: 14.007
O: 15.999
F: 18.998403162
Ne: 20.1797
Na: 22.98976928
Mg: 24.305
Al: 26.9815384
Si: 28.085
P: 30.973761998
S: 32.06
Cl: 35.45
Ar: 39.95
K: 39.0983
Ca: 40.078
Sc: 44.955907
Ti: 47.867
V: 50.9415
Cr: 51.9961
Mn: 54.938043
Fe: 55.845
Co: 58.933194
Ni: 58.6934
Cu: 63.546
Zn: 65.38
Ga: 69.723
Ge: 72.630
As: 74.921595
Se: 78.971
Br: 79.904
Kr: 83.798
Rb: 85.4678
Sr: 87.62
Y: 88.905838
Zr: 91.224
Nb: 92.90637
Mo: 95.95
Tc: 97.90721
Ru: 101.07
Rh: 102.90549
Pd: 106.42
Ag: 107.8682
Cd: 112.414
In: 114.818
Sn: 118.710
Sb: 121.760
Te: 127.60
I: 126.90447
Xe: 131.293
Cs: 132.90545196
Ba: 137.327
La: 138.90547
Ce: 140.116
Pr: 140.90766
Nd: 144.242
Pm: 144.91276
Sm: 150.36
Eu: 151.964
Gd: 157.25
Tb: 158.925354
Dy: 162.500
Ho: 164.930329
Er: 167.259
Tm: 168.934219
Yb: 173.045
Lu: 174.9668
Hf: 178.486
Ta: 180.94788
W: 183.84
Re: 186.207
Os: 190.23
Ir: 192.217
Pt: 195.084
Au: 196.966570
Hg: 200.592
Tl: 204.38
Pb: 207.2
Bi: 208.98040
Po: 208.98243
At: 210.98750
Rn: 222.01758
Fr: 223.01973
Ra: 226.02541
Ac: 227.02775
Th: 232.0377
Pa: 231.03588
U: 238.02891
Np: 237.04817
Pu: 244.06420
Am: 243.06138
Cm: 247.07035
Bk: 247.07031
Cf: 251.07959
Es: 252.08298
Fm: 257.09511
Md: 258.09843
No: 259.101
Lr: 262.10962
Rf: 267.12179
Db: 268.12567
Sg: 271.13378
Bh: 274.1436
Hs: 270.13431
Mt: 278.15649
Ds: 281.16455
Rg: 282.16934
Cn: 285.17723
Nh: 286.18246
Fl: 290.19188
Mc: 290.19624
Lv: 293.20458
Ts: 294.21084
Og: 294.21398
